[0, 1, 20]
[2, 3, 2]
[3, 2, 3]
[2, 3, 4, 2]
[3, 4, 2, 3]
[4, 2, 3, 4]
[13, 14, 15, 13]
[14, 15, 13, 14]
[15, 13, 14, 15]
[0, 1, 2, 3, 4]
[13, 14, 16, 17, 13]
[13, 14, 16, 18, 13]
[14, 16, 17, 13, 14]
[14, 16, 18, 13, 14]
[15, 13, 14, 16, 17]
[15, 13, 14, 16, 18]
[16, 17, 13, 14, 16]
[16, 18, 13, 14, 16]
[16, 17, 13, 14, 15]
[16, 18, 13, 14, 15]
[17, 13, 14, 16, 17]
[17, 13, 14, 16, 18]
[18, 13, 14, 16, 18]
[18, 13, 14, 16, 17]
[0, 1, 2, 5, 6, 19]
[1, 2, 5, 6, 19, 1]
[2, 5, 6, 19, 1, 2]
[5, 6, 19, 1, 2, 5]
[6, 19, 1, 2, 5, 6]
[19, 1, 2, 5, 6, 19]
[3, 2, 5, 6, 19, 1, 20]
[5, 6, 19, 1, 2, 3, 4]
[3, 4, 2, 5, 6, 19, 1, 20]
[3, 2, 5, 6, 7, 8, 9, 13, 14, 15]
[0, 1, 2, 5, 6, 7, 8, 9, 13, 14, 15]
[3, 4, 2, 5, 6, 7, 8, 9, 13, 14, 15]
[3, 2, 5, 6, 7, 8, 10, 11, 13, 14, 15]
[3, 2, 5, 6, 7, 8, 10, 12, 13, 14, 15]
[3, 2, 5, 6, 7, 8, 9, 13, 14, 16, 17]
[3, 2, 5, 6, 7, 8, 9, 13, 14, 16, 18]
[19, 1, 2, 5, 6, 7, 8, 9, 13, 14, 15]
[0, 1, 2, 5, 6, 7, 8, 10, 11, 13, 14, 15]
[0, 1, 2, 5, 6, 7, 8, 10, 12, 13, 14, 15]
[0, 1, 2, 5, 6, 7, 8, 9, 13, 14, 16, 17]
[0, 1, 2, 5, 6, 7, 8, 9, 13, 14, 16, 18]
[3, 4, 2, 5, 6, 7, 8, 10, 11, 13, 14, 15]
[3, 4, 2, 5, 6, 7, 8, 10, 12, 13, 14, 15]
[3, 4, 2, 5, 6, 7, 8, 9, 13, 14, 16, 17]
[3, 2, 5, 6, 7, 8, 10, 11, 13, 14, 16, 17]
[3, 2, 5, 6, 7, 8, 10, 12, 13, 14, 16, 17]
[3, 4, 2, 5, 6, 7, 8, 9, 13, 14, 16, 18]
[3, 2, 5, 6, 7, 8, 10, 11, 13, 14, 16, 18]
[3, 2, 5, 6, 7, 8, 10, 12, 13, 14, 16, 18]
[19, 1, 2, 5, 6, 7, 8, 10, 11, 13, 14, 15]
[19, 1, 2, 5, 6, 7, 8, 10, 12, 13, 14, 15]
[19, 1, 2, 5, 6, 7, 8, 9, 13, 14, 16, 17]
[19, 1, 2, 5, 6, 7, 8, 9, 13, 14, 16, 18]
[0, 1, 2, 5, 6, 7, 8, 10, 11, 13, 14, 16, 17]
[0, 1, 2, 5, 6, 7, 8, 10, 12, 13, 14, 16, 17]
[0, 1, 2, 5, 6, 7, 8, 10, 11, 13, 14, 16, 18]
[0, 1, 2, 5, 6, 7, 8, 10, 12, 13, 14, 16, 18]
[3, 4, 2, 5, 6, 7, 8, 10, 11, 13, 14, 16, 17]
[3, 4, 2, 5, 6, 7, 8, 10, 12, 13, 14, 16, 17]
[3, 4, 2, 5, 6, 7, 8, 10, 11, 13, 14, 16, 18]
[3, 4, 2, 5, 6, 7, 8, 10, 12, 13, 14, 16, 18]
[19, 1, 2, 5, 6, 7, 8, 10, 11, 13, 14, 16, 17]
[19, 1, 2, 5, 6, 7, 8, 10, 12, 13, 14, 16, 17]
[19, 1, 2, 5, 6, 7, 8, 10, 11, 13, 14, 16, 18]
[19, 1, 2, 5, 6, 7, 8, 10, 12, 13, 14, 16, 18]
